12 0.29710000000000003 0.2651833333333334 0.17155 0.09516666666666666
12 0.8625499999999999 0.3080333333333333 0.220075 0.09856666666666666
12 0.45612499999999995 0.1792 0.112175 0.0603
3 0.153475 0.4619 0.16192499999999999 0.057133333333333335
3 0.506475 0.38315 0.16795000000000002 0.045899999999999996
6 0.7287250000000001 0.07396666666666667 0.210625 0.05795000000000001
18 0.6792 0.46636666666666665 0.641575 0.6460666666666667
4 0.449625 0.24468333333333334 0.0774 0.032716666666666665
4 0.8764 0.40790000000000004 0.14595 0.06581666666666668
4 0.278375 0.35241666666666666 0.1099 0.058166666666666665
4 0.50895 0.4843166666666666 0.111075 0.05198333333333333
4 0.16685 0.5651666666666667 0.106875 0.057
5 0.208825 0.7065166666666667 0.2908 0.25638333333333335
5 0.5322749999999999 0.6393666666666666 0.322725 0.2654
5 0.9017000000000001 0.6154499999999999 0.196575 0.35756666666666664
22 0.253075 0.4683333333333333 0.2843 0.23334999999999997
5 0.441125 0.3005333333333333 0.1704 0.13771666666666665
24 0.46299999999999997 0.2603333333333333 0.234175 0.224
24 0.87295 0.63 0.254075 0.74
24 0.55015 0.6791666666666667 0.40845 0.6416666666666667
24 0.233825 0.715 0.38582500000000003 0.57
24 0.24252500000000002 0.41113333333333335 0.41322499999999995 0.3922666666666667