12 0.43595999999999996 0.22081850533807829 0.13502 0.17608540925266902
12 0.08478 0.15185053380782917 0.16604 0.2704982206405694
12 0.7494400000000001 0.1797864768683274 0.11946 0.1386832740213523
12 0.15936 0.18256227758007115 0.03864 0.10608540925266903
3 0.29954000000000003 0.20491103202846975 0.0849 0.08551601423487545
4 0.14138 0.2872953736654804 0.02418 0.03683274021352313
4 0.08059999999999999 0.3701067615658363 0.0515 0.10758007117437722
4 0.30844 0.3218149466192171 0.03604 0.05217081850533808
4 0.71646 0.30658362989323845 0.021 0.04772241992882562
5 0.7371599999999999 0.6197864768683274 0.1824 0.5831672597864769
5 0.41214 0.7214234875444839 0.219 0.557153024911032
5 0.31074 0.4291459074733096 0.022879999999999998 0.10302491103202847
5 0.22391999999999998 0.508185053380783 0.12258 0.3916014234875445
5 0.19013999999999998 0.4065480427046263 0.04392 0.17256227758007117
5 0.11704 0.4720640569395018 0.10882 0.32729537366548045
5 0.05382 0.7184697508896797 0.10762000000000001 0.5630604982206405
12 0.19228 0.21427046263345195 0.04372 0.07661921708185054
4 0.19028 0.2878291814946619 0.030879999999999998 0.03395017793594306
12 0.25502 0.27455516014234876 0.0159 0.035516014234875444
24 0.28306 0.3728825622775801 0.07864 0.23964412811387903
24 0.18941999999999998 0.2700355871886121 0.053579999999999996 0.2000355871886121
24 0.12778 0.5602846975088968 0.14584 0.8793950177935943
24 0.07465999999999999 0.5039501779359431 0.1463 0.9920996441281138
24 0.24603999999999998 0.5820640569395018 0.17572 0.8359074733096085
12 0.42254 0.5672241992882562 0.3287 0.8655516014234875
12 0.72342 0.5533807829181495 0.28602 0.8932384341637011
20 0.56574 0.5 0.84624 1