12 0.5444 0.286437125748503 0.06922 0.09095808383233532
12 0.22112 0.28508982035928143 0.12294 0.18649700598802396
12 0.41043999999999997 0.3138323353293413 0.07402 0.08464071856287425
12 0.85264 0.16464071856287427 0.13504 0.1307185628742515
3 0.66306 0.3055688622754491 0.075 0.055898203592814374
3 0.30319999999999997 0.3071856287425149 0.053399999999999996 0.07221556886227545
4 0.84364 0.2949101796407186 0.06054 0.08964071856287426
4 0.6716599999999999 0.39655688622754487 0.03422 0.06044910179640719
4 0.54062 0.3681736526946108 0.038020000000000005 0.03538922155688623
4 0.4026 0.3983233532934132 0.03964 0.04284431137724551
4 0.28096 0.4119760479041916 0.04104 0.05254491017964072
4 0.21425999999999998 0.4042215568862275 0.05174 0.05550898203592814
5 0.1231 0.6253293413173653 0.19828 0.5320658682634731
5 0.25751999999999997 0.6014371257485029 0.038880000000000005 0.33991017964071857
5 0.38977999999999996 0.5353892215568862 0.10064000000000001 0.25107784431137725
5 0.54604 0.5041317365269461 0.11154 0.23562874251497007
5 0.7172799999999999 0.5681137724550899 0.10428 0.31197604790419164
5 0.89734 0.5687724550898203 0.18674000000000002 0.46476047904191614
24 0.8890399999999999 0.5493113772455089 0.22191999999999998 0.901377245508982
24 0.6789 0.6373652694610779 0.18284 0.7252694610778443
24 0.54628 0.5917365269461078 0.16462000000000002 0.7079940119760479
24 0.38245999999999997 0.6338622754491018 0.14522 0.7323053892215569
24 0.27258 0.6355988023952096 0.11608 0.7287724550898204
24 0.14565999999999998 0.5959880239520958 0.26456 0.8080239520958084