12 0.6962666666666667 0.2102 0.10356666666666667 0.10255
12 0.3778833333333333 0.093725 0.10966666666666666 0.105325
5 0.3490833333333333 0.3389 0.14491666666666667 0.24925
5 0.6922166666666666 0.451875 0.13116666666666668 0.25734999999999997
11 0.6272500000000001 0.505225 0.09171666666666667 0.08902499999999999
11 0.57355 0.60805 0.07956666666666667 0.094675
11 0.3609833333333333 0.541575 0.09728333333333333 0.10102499999999999
4 0.3863 0.214725 0.04555 0.0366
4 0.6751666666666667 0.31065000000000004 0.047066666666666666 0.04275
24 0.6597999999999999 0.531075 0.25920000000000004 0.747875
24 0.375 0.520525 0.28485 0.958925