5 0.13028 0.5406547619047619 0.11616 0.1954761904761905
5 0.28292 0.5324107142857143 0.11320000000000001 0.18595238095238095
5 0.45966 0.5282440476190476 0.09492 0.17764880952380951
5 0.60912 0.513452380952381 0.10914 0.19354166666666667
5 0.90964 0.5079166666666667 0.15253999999999998 0.20702380952380953
3 0.97846 0.35708333333333336 0.0431 0.10139880952380953
3 0.45982 0.33247023809523807 0.06934 0.06973214285714285
4 0.13269999999999998 0.3670833333333333 0.04336 0.04092261904761905
4 0.46172 0.42163690476190474 0.047299999999999995 0.04497023809523809
4 0.65336 0.3985119047619048 0.032920000000000005 0.044226190476190474
24 0.8408 0.5267261904761904 0.31839999999999996 0.44419642857142855
24 0.6239600000000001 0.5859226190476191 0.16234 0.4995833333333334
24 0.42628 0.5579464285714286 0.27054 0.5311607142857143
24 0.24875999999999998 0.6603869047619048 0.219 0.5119642857142858
24 0.1061 0.5722619047619047 0.20896 0.47577380952380954