11 0.13202666666666665 0.63427 0.026473333333333335 0.02632
11 0.2968533333333333 0.54716 0.024406666666666667 0.03432
11 0.45535333333333333 0.57399 0.011306666666666668 0.0294
11 0.4699933333333333 0.57765 0.018686666666666667 0.03958
11 0.5784466666666667 0.56601 0.018446666666666667 0.049159999999999995
11 0.6379333333333334 0.5323 0.0142 0.02061
11 0.6455733333333333 0.55329 0.02238 0.03191
11 0.7377866666666667 0.49321 0.014806666666666668 0.02376
11 0.5964066666666666 0.5234 0.014713333333333333 0.01747
11 0.6932866666666667 0.54092 0.006693333333333332 0.02183
11 0.7986000000000001 0.60334 0.0191 0.03334
11 0.9009266666666668 0.62352 0.02641333333333333 0.03504
4 0.8563533333333333 0.41154 0.0306 0.02175
4 0.8109133333333333 0.37406 0.020606666666666665 0.01745
4 0.7461733333333334 0.38618 0.026246666666666665 0.020370000000000003
4 0.709 0.38047000000000003 0.021233333333333333 0.01828
4 0.6547266666666667 0.40656 0.02112 0.01979
4 0.6372733333333334 0.36324 0.01643333333333333 0.01847
4 0.6043000000000001 0.38456999999999997 0.019826666666666666 0.01846
4 0.5538933333333333 0.33394 0.023013333333333337 0.018539999999999997
4 0.55934 0.3981 0.020573333333333332 0.01887
4 0.48623333333333335 0.34293 0.01924666666666667 0.01786
4 0.49792 0.40488999999999997 0.022180000000000002 0.020460000000000002
4 0.45477999999999996 0.37677 0.020346666666666666 0.0202
4 0.38311999999999996 0.3407 0.021906666666666665 0.02139
4 0.16771333333333333 0.39668000000000003 0.03199333333333333 0.028030000000000003
4 0.22366 0.38231 0.023886666666666667 0.02061
4 0.2735666666666667 0.40495 0.02414 0.02323
4 0.3407133333333333 0.38335 0.02688 0.02004
4 0.42252666666666666 0.40173000000000003 0.0225 0.02346
12 0.16564666666666666 0.34470999999999996 0.05008666666666666 0.04542
12 0.21900666666666666 0.33987 0.038573333333333334 0.0384
12 0.26880666666666664 0.36047 0.04306666666666666 0.04228
12 0.3388933333333333 0.34288 0.03746 0.03643
12 0.38336 0.30257999999999996 0.030393333333333335 0.033170000000000005
12 0.42203999999999997 0.35393 0.03664666666666667 0.03719
12 0.45444666666666667 0.33936 0.0313 0.03604
12 0.48435999999999996 0.31001999999999996 0.028833333333333332 0.03071
12 0.49643333333333334 0.36265 0.03521333333333333 0.03597
12 0.5544 0.29852999999999996 0.03114 0.0304
12 0.56064 0.36067 0.03384 0.037340000000000005
12 0.6019933333333334 0.34879000000000004 0.03299333333333333 0.03442
12 0.6411466666666666 0.32605 0.03129333333333333 0.03343
12 0.6584066666666667 0.36415 0.0356 0.03897
12 0.70842 0.33846 0.03606666666666667 0.03425
12 0.7475466666666666 0.34238999999999997 0.04143333333333333 0.04211
12 0.80976 0.33147000000000004 0.04053333333333333 0.04295
12 0.8576066666666667 0.35574 0.05009333333333334 0.047490000000000004
22 0.15963333333333332 0.49501 0.12544666666666665 0.19002000000000002
22 0.22607333333333335 0.43633 0.06232666666666666 0.07066
22 0.27312000000000003 0.49489999999999995 0.10308666666666666 0.17381
22 0.34217333333333333 0.46059 0.09452666666666666 0.14518
22 0.37929333333333337 0.38117 0.055426666666666666 0.05833
22 0.42092666666666667 0.48139 0.09336666666666668 0.15879
22 0.5016666666666667 0.48519 0.07084666666666667 0.13838
11 0.5082733333333334 0.56868 0.01924666666666667 0.04351
22 0.45849333333333336 0.40526999999999996 0.04070666666666667 0.05822
22 0.49716 0.38185 0.05958 0.04986
22 0.55296 0.38245999999999997 0.07067333333333334 0.08031
22 0.5672466666666667 0.48904000000000003 0.06642666666666666 0.15039
22 0.61572 0.47368 0.045419999999999995 0.13813999999999999
22 0.6330466666666666 0.39774 0.025713333333333335 0.03393
22 0.6574 0.48592 0.07954666666666667 0.14722
22 0.7102533333333334 0.42212 0.0468 0.07347
22 0.7493533333333333 0.46902 0.10653333333333334 0.14881
22 0.8034266666666667 0.45776 0.07417333333333334 0.14936000000000002
22 0.8668266666666666 0.50176 0.12610000000000002 0.19583
24 0.16496 0.56647 0.15207333333333334 0.49295
24 0.22382000000000002 0.52437 0.05646666666666667 0.4116
24 0.27149333333333336 0.5681799999999999 0.11942666666666665 0.45922
24 0.3420333333333333 0.5294099999999999 0.09669333333333333 0.41597
24 0.3811266666666667 0.48186 0.056793333333333335 0.38943
24 0.42000666666666664 0.553 0.09455333333333334 0.44027999999999995
24 0.45732666666666666 0.51561 0.05570666666666667 0.39122
24 0.48317333333333334 0.48401 0.03802666666666667 0.37657999999999997
24 0.49820666666666663 0.55106 0.08714666666666666 0.40782999999999997
24 0.5535399999999999 0.47499 0.07780666666666666 0.38426
24 0.5640266666666667 0.54726 0.06830666666666667 0.41166
24 0.60422 0.5269199999999999 0.05535333333333333 0.39098
24 0.63656 0.5022 0.047659999999999994 0.38439999999999996
24 0.6529533333333333 0.55468 0.08997333333333334 0.41794
24 0.70222 0.5027 0.057080000000000006 0.37112
24 0.7449600000000001 0.5506599999999999 0.11779333333333333 0.45847000000000004
24 0.7993933333333333 0.5283 0.08189333333333333 0.44232
24 0.85716 0.5842999999999999 0.14218666666666666 0.50574