22 0.03776 0.57733 0.07552666666666667 0.28576
22 0.23415333333333335 0.4029 0.031006666666666665 0.09195
22 0.19585333333333332 0.43392000000000003 0.054913333333333335 0.12168999999999999
22 0.2708333333333333 0.42877 0.046933333333333334 0.11139
22 0.31424 0.42767 0.030160000000000003 0.09073
22 0.34071999999999997 0.4746 0.056453333333333335 0.15688999999999997
22 0.38410666666666665 0.39820999999999995 0.03553333333333333 0.08566
22 0.41353999999999996 0.47376 0.05644 0.11213
22 0.4428 0.43061 0.021633333333333334 0.07046
22 0.49016666666666664 0.48613999999999996 0.08149333333333333 0.17229
22 0.5405333333333333 0.42819 0.029413333333333333 0.09484999999999999
22 0.5721466666666667 0.45383 0.06904666666666666 0.11381000000000001
22 0.6591266666666667 0.44354000000000005 0.04608 0.10861
22 0.70268 0.4728 0.07267333333333334 0.1256
22 0.75334 0.44345999999999997 0.05296666666666667 0.09922
12 0.7660733333333333 0.3683 0.028180000000000004 0.030449999999999998
12 0.6963733333333333 0.3654 0.03749333333333334 0.04004
12 0.6667733333333333 0.34928 0.028560000000000002 0.03394
12 0.5685333333333333 0.35389 0.027979999999999998 0.030850000000000002
12 0.55196 0.34652999999999995 0.022520000000000002 0.0269
12 0.5023333333333333 0.35494 0.04120666666666667 0.0422
12 0.43728666666666666 0.37076 0.015733333333333335 0.02307
12 0.4173866666666667 0.36265 0.030733333333333335 0.03422
12 0.40768 0.3444 0.01806 0.01342
12 0.38320666666666664 0.32541000000000003 0.021426666666666667 0.023129999999999998
12 0.35142 0.34097000000000005 0.038873333333333336 0.0404
12 0.32611333333333337 0.35567000000000004 0.014933333333333333 0.019039999999999998
12 0.26625333333333334 0.3372 0.029560000000000003 0.02979
12 0.2097 0.32583 0.013893333333333334 0.016280000000000003
12 0.20021333333333333 0.33233999999999997 0.03184666666666667 0.02468
12 0.036533333333333334 0.3168 0.07166 0.09512999999999999
4 0.03658 0.40545 0.032780000000000004 0.033979999999999996
4 0.20736666666666667 0.36572000000000005 0.013326666666666665 0.016059999999999998
4 0.26353333333333334 0.36757999999999996 0.013873333333333333 0.01208
4 0.3301 0.37915 0.009559999999999999 0.01214
4 0.3552133333333334 0.38180000000000003 0.01774 0.01592
4 0.38571333333333335 0.35468 0.013099999999999999 0.01243
4 0.43141999999999997 0.38088 0.005026666666666666 0.00791
4 0.42192666666666667 0.39793 0.011686666666666668 0.01124
4 0.5046466666666667 0.40392 0.015073333333333333 0.02169
4 0.5728866666666667 0.38621 0.015146666666666666 0.013949999999999999
4 0.6714133333333333 0.38623 0.013226666666666666 0.01092
4 0.7000866666666667 0.40763 0.014159999999999999 0.016800000000000002
4 0.76472 0.39624000000000004 0.013166666666666667 0.01248
11 0.7700133333333333 0.45206 0.03298 0.033350000000000005
11 0.7453466666666666 0.49662 0.016466666666666668 0.03015
11 0.7758866666666666 0.50978 0.008833333333333334 0.022629999999999997
11 0.5947 0.40055 0.01056 0.016489999999999998
11 0.53874 0.49533 0.011460000000000001 0.02912
11 0.44950666666666667 0.46326999999999996 0.0053 0.020390000000000002
11 0.4122266666666667 0.55023 0.014846666666666666 0.026609999999999998
11 0.384 0.51707 0.016853333333333335 0.02492
11 0.38360666666666665 0.4995 0.007859999999999999 0.01745
11 0.31283333333333335 0.45056999999999997 0.006826666666666667 0.01192
11 0.30606 0.48331999999999997 0.01482 0.02511
11 0.24167999999999998 0.49126 0.013233333333333335 0.02868
11 0.17443333333333333 0.49909 0.010026666666666666 0.018170000000000002
11 0.014593333333333333 0.7388899999999999 0.029186666666666666 0.05778
11 0.07741333333333333 0.71293 0.02317333333333333 0.04432
24 0.06712666666666667 0.6333300000000001 0.13425333333333334 0.73333
24 0.22728666666666666 0.45869 0.047413333333333335 0.28138
24 0.19890666666666668 0.48536 0.07065333333333333 0.33472
24 0.2724533333333333 0.47654 0.08041333333333334 0.31107999999999997
24 0.3162 0.45016 0.03458 0.20831
24 0.35068 0.53025 0.07686666666666667 0.4185
24 0.3846 0.45279 0.03937333333333334 0.27758999999999995
24 0.40766 0.35176999999999997 0.016159999999999997 0.03153
24 0.44075333333333333 0.45215 0.02368666666666667 0.18830000000000002
24 0.41674 0.48629 0.06232666666666666 0.27857
24 0.5189466666666667 0.43209 0.017406666666666668 0.07818000000000001
24 0.49428 0.53838 0.08539999999999999 0.41075
24 0.5446333333333334 0.46497000000000005 0.039446666666666665 0.26594
24 0.57624 0.50285 0.07065333333333333 0.3257
24 0.6593133333333333 0.45724000000000004 0.047473333333333326 0.24847999999999998
24 0.72848 0.5363600000000001 0.11514 0.38472
24 0.75434 0.48025 0.054860000000000006 0.2565