11 0.6962890625 0.6455882352941177 0.701171875 0.6558823529411765 0.7041015625 0.6720588235294118 0.7021484375 0.6764705882352942 0.6953125 0.6808823529411765 0.69140625 0.6794117647058824 0.6904296875 0.6735294117647059 0.6845703125 0.6691176470588235 0.6826171875 0.663235294117647 0.6826171875 0.6544117647058824 0.6865234375 0.6470588235294118 0.69140625 0.6441176470588236 0.6953125 0.6455882352941177
11 0.7841796875 0.6426470588235295 0.7890625 0.65 0.7890625 0.6558823529411765 0.771484375 0.6647058823529411 0.76953125 0.6676470588235294 0.76953125 0.675 0.7646484375 0.6720588235294118 0.76171875 0.6573529411764706 0.7744140625 0.6514705882352941 0.779296875 0.6426470588235295 0.783203125 0.6426470588235295
12 0.1474609375 0.5058823529411764 0.1474609375 0.513235294117647 0.142578125 0.5117647058823529 0.142578125 0.5073529411764706 0.146484375 0.5058823529411764
12 0.0986328125 0.5338235294117647 0.0986328125 0.5411764705882353 0.09375 0.5397058823529411 0.09375 0.5352941176470588 0.09765625 0.5338235294117647
12 0.044921875 0.5345588235294118 0.0078125 0.010294117647058823
12 0.740234375 0.4161764705882353 0.748046875 0.42205882352941176 0.7548828125 0.43823529411764706 0.7568359375 0.45588235294117646 0.7568359375 0.4647058823529412 0.7548828125 0.4676470588235294 0.7421875 0.4573529411764706 0.716796875 0.45294117647058824 0.7080078125 0.45588235294117646 0.703125 0.45441176470588235 0.7119140625 0.4308823529411765 0.7216796875 0.4161764705882353 0.7265625 0.41323529411764703 0.7392578125 0.4161764705882353
24 0.755859375 0.5117647058823529 0.7724609375 0.5235294117647059 0.767578125 0.5308823529411765 0.763671875 0.5470588235294118 0.763671875 0.5558823529411765 0.759765625 0.5691176470588235 0.759765625 0.5941176470588235 0.7666015625 0.6029411764705882 0.7734375 0.6014705882352941 0.7822265625 0.5941176470588235 0.7822265625 0.5985294117647059 0.7724609375 0.6058823529411764 0.7548828125 0.6308823529411764 0.7529296875 0.6470588235294118 0.7392578125 0.6661764705882353 0.7265625 0.7044117647058824 0.72265625 0.7029411764705882 0.7197265625 0.6852941176470588 0.7158203125 0.6764705882352942 0.7109375 0.6794117647058824 0.7080078125 0.6779411764705883 0.70703125 0.6647058823529411 0.708984375 0.6470588235294118 0.7060546875 0.6279411764705882 0.705078125 0.5926470588235294 0.7060546875 0.5411764705882353 0.708984375 0.5588235294117647 0.7109375 0.6176470588235294 0.712890625 0.6205882352941177 0.716796875 0.6205882352941177 0.7255859375 0.5735294117647058 0.7314453125 0.5573529411764706 0.7373046875 0.5294117647058824 0.748046875 0.5117647058823529 0.7548828125 0.5117647058823529
24 0.1474609375 0.5058823529411764 0.150390625 0.525 0.150390625 0.5397058823529411 0.1484375 0.5441176470588235 0.1494140625 0.5632352941176471 0.146484375 0.5661764705882353 0.142578125 0.5661764705882353 0.140625 0.5632352941176471 0.1396484375 0.5411764705882353 0.1396484375 0.525 0.142578125 0.5073529411764706 0.146484375 0.5058823529411764
24 0.8173828125 0.45588235294117646 0.822265625 0.4588235294117647 0.8232421875 0.4676470588235294 0.828125 0.47352941176470587 0.828125 0.47941176470588237 0.82421875 0.4838235294117647 0.8125 0.4838235294117647 0.806640625 0.47941176470588237 0.8076171875 0.47352941176470587 0.8125 0.4676470588235294 0.8134765625 0.4588235294117647 0.81640625 0.4573529411764706
24 0.0986328125 0.5338235294117647 0.103515625 0.5544117647058824 0.103515625 0.5691176470588235 0.1015625 0.5720588235294117 0.09375 0.5720588235294117 0.0908203125 0.5691176470588235 0.0908203125 0.55 0.09375 0.5352941176470588 0.09765625 0.5338235294117647
24 0.04296875 0.5323529411764706 0.0458984375 0.5323529411764706 0.056640625 0.55 0.0576171875 0.5632352941176471 0.0576171875 0.5735294117647058 0.0556640625 0.5779411764705882 0.0439453125 0.5779411764705882 0.0419921875 0.5544117647058824 0.0419921875 0.5455882352941176 0.0439453125 0.5426470588235294 0.04296875 0.5338235294117647
24 0.04248046875 0.5566176470588236 0.0126953125 0.054411764705882354
24 0.7392578125 0.4161764705882353 0.7470703125 0.42205882352941176 0.751953125 0.4294117647058823 0.755859375 0.4455882352941177 0.7568359375 0.4632352941176471 0.7529296875 0.47941176470588237 0.7548828125 0.4838235294117647 0.75 0.48970588235294116 0.7490234375 0.4985294117647059 0.7578125 0.513235294117647 0.7724609375 0.5220588235294118 0.80078125 0.5529411764705883 0.8154296875 0.5794117647058824 0.8173828125 0.5852941176470589 0.8173828125 0.5955882352941176 0.8134765625 0.6161764705882353 0.7822265625 0.6602941176470588 0.7802734375 0.7044117647058824 0.7783203125 0.7147058823529412 0.779296875 0.7544117647058823 0.7734375 0.775 0.77734375 0.8044117647058824 0.787109375 0.8352941176470589 0.7900390625 0.8514705882352941 0.7919921875 0.888235294117647 0.8037109375 0.9191176470588235 0.810546875 0.9441176470588235 0.810546875 0.9529411764705882 0.8037109375 0.9573529411764706 0.78125 0.9632352941176471 0.7568359375 0.9632352941176471 0.7490234375 0.9691176470588235 0.74609375 0.9808823529411764 0.7373046875 0.9852941176470589 0.7158203125 0.9838235294117647 0.7041015625 0.9779411764705882 0.7021484375 0.9720588235294118 0.705078125 0.9647058823529412 0.716796875 0.9573529411764706 0.71875 0.9529411764705882 0.7197265625 0.9058823529411765 0.7255859375 0.8779411764705882 0.7265625 0.8514705882352941 0.72265625 0.8308823529411765 0.7236328125 0.7838235294117647 0.7197265625 0.775 0.720703125 0.7573529411764706 0.7314453125 0.7294117647058823 0.736328125 0.7073529411764706 0.7451171875 0.6808823529411765 0.763671875 0.6573529411764706 0.763671875 0.6514705882352941 0.7587890625 0.6426470588235295 0.7548828125 0.6426470588235295 0.751953125 0.65 0.7392578125 0.6661764705882353 0.734375 0.6764705882352942 0.732421875 0.6897058823529412 0.7197265625 0.7264705882352941 0.716796875 0.7308823529411764 0.7099609375 0.7338235294117647 0.712890625 0.7455882352941177 0.7109375 0.75 0.7060546875 0.7470588235294118 0.7060546875 0.7397058823529412 0.703125 0.7382352941176471 0.7001953125 0.7308823529411764 0.7001953125 0.7161764705882353 0.7041015625 0.7 0.697265625 0.6926470588235294 0.7060546875 0.675 0.7021484375 0.6691176470588235 0.69921875 0.6735294117647059 0.6953125 0.6735294117647059 0.69140625 0.6676470588235294 0.685546875 0.6647058823529411 0.6845703125 0.6514705882352941 0.6923828125 0.6411764705882353 0.69921875 0.6220588235294118 0.7041015625 0.6161764705882353 0.705078125 0.6102941176470589 0.7041015625 0.5544117647058824 0.7119140625 0.5220588235294118 0.712890625 0.5058823529411764 0.7080078125 0.4808823529411765 0.708984375 0.4632352941176471 0.703125 0.45294117647058824 0.7119140625 0.4308823529411765 0.7197265625 0.41911764705882354 0.724609375 0.4147058823529412 0.73828125 0.4161764705882353
22 0.755859375 0.5117647058823529 0.7724609375 0.5235294117647059 0.767578125 0.5308823529411765 0.763671875 0.5470588235294118 0.763671875 0.5558823529411765 0.759765625 0.5691176470588235 0.759765625 0.5941176470588235 0.7666015625 0.6029411764705882 0.7734375 0.6014705882352941 0.7822265625 0.5941176470588235 0.7822265625 0.5985294117647059 0.7724609375 0.6058823529411764 0.7548828125 0.6308823529411764 0.7529296875 0.6470588235294118 0.7392578125 0.6661764705882353 0.7265625 0.7044117647058824 0.72265625 0.7029411764705882 0.7197265625 0.6852941176470588 0.7158203125 0.6764705882352942 0.7109375 0.6794117647058824 0.7080078125 0.6779411764705883 0.70703125 0.6647058823529411 0.708984375 0.6470588235294118 0.7060546875 0.6279411764705882 0.705078125 0.5926470588235294 0.7060546875 0.5411764705882353 0.708984375 0.5588235294117647 0.7109375 0.6176470588235294 0.712890625 0.6205882352941177 0.716796875 0.6205882352941177 0.7255859375 0.5735294117647058 0.7314453125 0.5573529411764706 0.7373046875 0.5294117647058824 0.748046875 0.5117647058823529 0.7548828125 0.5117647058823529