21 0.0461875 0.6321944444444445 0.092375 0.22591666666666665
13 0.12446874999999999 0.8402777777777778 0.23646875 0.3194444444444444
1 0.239546875 0.43720833333333337 0.0605625 0.35318055555555555
1 0.39542968749999996 0.6801111111111111 0.147140625 0.5742777777777778
1 0.522109375 0.8382361111111111 0.0916640625 0.32352777777777775
12 0.295984375 0.878263888888889 0.0109140625 0.02448611111111111
22 0.2923046875 0.8976249999999999 0.0178046875 0.05177777777777778
24 0.2938046875 0.9159444444444444 0.025859375 0.10068055555555555
12 0.6151015625 0.4414166666666667 0.016367187499999998 0.029222222222222222
11 0.5982578125 0.46138888888888885 0.0063203124999999995 0.010611111111111111
24 0.613796875 0.4511666666666666 0.035296875 0.06823611111111111
5 0.6195625 0.43516666666666665 0.018109375 0.0355
12 0.18949218750000002 0.4737222222222222 0.0089453125 0.013333333333333332
22 0.192765625 0.49919444444444444 0.0165703125 0.034555555555555555
24 0.192890625 0.5146666666666667 0.026992187499999997 0.09845833333333333
4 0.190890625 0.48454166666666665 0.0048359375 0.005263888888888889
12 0.0161640625 0.46655555555555556 0.007484375 0.011291666666666669
24 0.025234374999999996 0.4834027777777778 0.025984374999999997 0.044333333333333336
5 0.028875 0.4783611111111111 0.015828125000000002 0.02327777777777778